658.000    5.000    0.000    6.129    6.701  349.076  230.650
658.000    5.000    0.000   12.259    6.701  353.275  227.869
658.000    5.000    0.000   24.517    6.701  359.474  224.339
658.000    5.000    0.000   30.646    6.701  362.182  223.012
658.000    5.000    0.000   36.776    6.701  364.701  221.817
658.000   10.000    0.000    6.129    3.977  347.148  233.066
658.000   10.000    0.000   12.259    3.977  351.601  230.043
658.000   10.000    0.000   24.517    3.977  358.191  226.220
658.000   10.000    0.000   30.646    3.977  361.080  224.784
658.000   10.000    0.000   36.776    3.977  363.767  223.492
658.000   20.000    0.000    6.129    2.058  339.578  239.302
658.000   20.000    0.000   12.259    2.058  345.131  235.410
658.000   20.000    0.000   24.517    2.058  353.302  230.658
658.000   20.000    0.000   30.646    2.058  356.919  228.900
658.000   20.000    0.000   36.776    2.058  360.289  227.327
658.000   50.000    0.000    6.129    0.798  317.453  251.967
658.000   50.000    0.000   12.259    0.798  326.353  246.404
658.000   50.000    0.000   24.517    0.798  339.402  239.747
658.000   50.000    0.000   30.646    0.798  345.236  237.275
658.000   50.000    0.000   36.776    0.798  350.654  235.054
658.000  100.000    0.000    6.129    0.399  298.981  261.204
658.000  100.000    0.000   12.259    0.399  310.811  254.513
658.000  100.000    0.000   24.517    0.399  328.157  246.446
658.000  100.000    0.000   30.646    0.399  335.879  243.414
658.000  100.000    0.000   36.776    0.399  342.997  240.679
