658.000    5.000    0.000    6.129    6.701  346.511  238.602
658.000    5.000    0.000   12.259    6.701  351.258  234.005
658.000    5.000    0.000   24.517    6.701  357.989  228.924
658.000    5.000    0.000   30.646    6.701  360.913  227.176
658.000    5.000    0.000   36.776    6.701  363.625  225.659
658.000   10.000    0.000    6.129    3.977  344.445  240.019
658.000   10.000    0.000   12.259    3.977  349.469  235.314
658.000   10.000    0.000   24.517    3.977  356.598  230.091
658.000   10.000    0.000   30.646    3.977  359.705  228.285
658.000   10.000    0.000   36.776    3.977  362.592  226.713
658.000   20.000    0.000    6.129    2.058  337.317  243.872
658.000   20.000    0.000   12.259    2.058  343.380  238.812
658.000   20.000    0.000   24.517    2.058  352.001  233.119
658.000   20.000    0.000   30.646    2.058  355.799  231.116
658.000   20.000    0.000   36.776    2.058  359.336  229.360
658.000   50.000    0.000    6.129    0.798  316.395  253.893
658.000   50.000    0.000   12.259    0.798  325.517  247.890
658.000   50.000    0.000   24.517    0.798  338.775  240.868
658.000   50.000    0.000   30.646    0.798  344.700  238.294
658.000   50.000    0.000   36.776    0.798  350.205  235.993
658.000  100.000    0.000    6.129    0.399  298.397  262.200
658.000  100.000    0.000   12.259    0.399  310.335  255.331
658.000  100.000    0.000   24.517    0.399  327.810  247.096
658.000  100.000    0.000   30.646    0.399  335.589  244.010
658.000  100.000    0.000   36.776    0.399  342.760  241.228
