386.000    5.000    0.000    6.129    6.701  315.606  171.947
386.000    5.000    0.000   12.259    6.701  324.499  171.604
386.000    5.000    0.000   24.517    6.701  338.525  171.248
386.000    5.000    0.000   30.646    6.701  344.706  171.159
386.000    5.000    0.000   36.776    6.701  350.322  171.091
386.000   10.000    0.000    6.129    3.977  313.844  174.892
386.000   10.000    0.000   12.259    3.977  323.000  174.428
386.000   10.000    0.000   24.517    3.977  337.416  173.915
386.000   10.000    0.000   30.646    3.977  343.767  173.766
386.000   10.000    0.000   36.776    3.977  349.537  173.643
386.000   20.000    0.000    6.129    2.058  308.457  186.136
386.000   20.000    0.000   12.259    2.058  318.476  184.896
386.000   20.000    0.000   24.517    2.058  334.066  183.430
386.000   20.000    0.000   30.646    2.058  340.942  182.918
386.000   20.000    0.000   36.776    2.058  347.196  182.466
386.000   50.000    0.000    6.129    0.798  294.763  214.306
386.000   50.000    0.000   12.259    0.798  307.051  210.925
386.000   50.000    0.000   24.517    0.798  325.761  206.800
386.000   50.000    0.000   30.646    0.798  334.018  205.252
386.000   50.000    0.000   36.776    0.798  341.537  203.853
386.000  100.000    0.000    6.129    0.399  283.758  236.423
386.000  100.000    0.000   12.259    0.399  297.959  231.236
386.000  100.000    0.000   24.517    0.399  319.301  224.862
386.000  100.000    0.000   30.646    0.399  328.688  222.439
386.000  100.000    0.000   36.776    0.399  337.214  220.244
