-90.000000 0.029918 
-89.500000 0.029882 
-89.000000 0.029842 
-88.500000 0.030044 
-88.000000 0.030980 
-87.500000 0.032661 
-87.000000 0.034846 
-86.500000 0.037364 
-86.000000 0.040902 
-85.500000 0.047010 
-85.000000 0.053571 
-84.500000 0.059128 
-84.000000 0.063677 
-83.500000 0.067375 
-83.000000 0.070671 
-82.500000 0.074282 
-82.000000 0.076613 
-81.500000 0.079099 
-81.000000 0.081711 
-80.500000 0.083492 
-80.000000 0.085548 
-79.500000 0.087098 
-79.000000 0.088449 
-78.500000 0.089567 
-78.000000 0.091492 
-77.500000 0.094931 
-77.000000 0.099263 
-76.500000 0.103939 
-76.000000 0.110733 
-75.500000 0.119969 
-75.000000 0.128430 
-74.500000 0.136212 
-74.000000 0.144389 
-73.500000 0.155397 
-73.000000 0.166471 
-72.500000 0.175596 
-72.000000 0.185962 
-71.500000 0.197086 
-71.000000 0.210447 
-70.500000 0.224124 
-70.000000 0.237819 
-69.500000 0.252413 
-69.000000 0.268644 
-68.500000 0.285916 
-68.000000 0.304324 
-67.500000 0.325325 
-67.000000 0.347798 
-66.500000 0.371826 
-66.000000 0.395644 
-65.500000 0.417996 
-65.000000 0.438979 
-64.500000 0.460080 
-64.000000 0.481910 
-63.500000 0.504362 
-63.000000 0.526268 
-62.500000 0.547844 
-62.000000 0.569238 
-61.500000 0.590573 
-61.000000 0.611589 
-60.500000 0.632328 
-60.000000 0.652818 
-59.500000 0.673154 
-59.000000 0.693437 
-58.500000 0.713663 
-58.000000 0.733803 
-57.500000 0.753850 
-57.000000 0.773866 
-56.500000 0.793874 
-56.000000 0.813746 
-55.500000 0.833055 
-55.000000 0.851110 
-54.500000 0.869739 
-54.000000 0.889906 
-53.500000 0.909293 
-53.000000 0.928489 
-52.500000 0.947710 
-52.000000 0.966774 
-51.500000 0.985821 
-51.000000 1.004778 
-50.500000 1.023710 
-50.000000 1.043547 
-49.500000 1.063744 
-49.000000 1.084285 
-48.500000 1.105521 
-48.000000 1.127463 
-47.500000 1.148809 
-47.000000 1.170240 
-46.500000 1.193326 
-46.000000 1.213696 
-45.500000 1.234681 
-45.000000 1.256232 
-44.500000 1.279578 
-44.000000 1.304491 
-43.500000 1.329513 
-43.000000 1.354128 
-42.500000 1.377391 
-42.000000 1.400243 
-41.500000 1.426223 
-41.000000 1.453435 
-40.500000 1.479669 
-40.000000 1.503181 
-39.500000 1.524594 
-39.000000 1.544958 
-38.500000 1.564248 
-38.000000 1.581930 
-37.500000 1.598282 
-37.000000 1.616384 
-36.500000 1.636607 
-36.000000 1.655980 
-35.500000 1.674717 
-35.000000 1.693263 
-34.500000 1.707684 
-34.000000 1.718354 
-33.500000 1.726938 
-33.000000 1.737487 
-32.500000 1.748600 
-32.000000 1.759879 
-31.500000 1.770522 
-31.000000 1.784248 
-30.500000 1.799999 
-30.000000 1.816069 
-29.500000 1.829808 
-29.000000 1.843608 
-28.500000 1.857893 
-28.000000 1.872972 
-27.500000 1.889779 
-27.000000 1.905514 
-26.500000 1.921457 
-26.000000 1.940977 
-25.500000 1.962704 
-25.000000 1.982738 
-24.500000 2.004867 
-24.000000 2.026240 
-23.500000 2.049003 
-23.000000 2.072168 
-22.500000 2.095974 
-22.000000 2.122344 
-21.500000 2.154048 
-21.000000 2.184401 
-20.500000 2.216166 
-20.000000 2.251314 
-19.500000 2.290140 
-19.000000 2.331161 
-18.500000 2.372482 
-18.000000 2.415157 
-17.500000 2.464784 
-17.000000 2.520379 
-16.500000 2.576200 
-16.000000 2.630948 
-15.500000 2.682357 
-15.000000 2.731992 
-14.500000 2.788757 
-14.000000 2.850932 
-13.500000 2.921940 
-13.000000 2.995226 
-12.500000 3.065347 
-12.000000 3.131419 
-11.500000 3.194726 
-11.000000 3.260266 
-10.500000 3.325336 
-10.000000 3.391065 
-9.500000 3.455097 
-9.000000 3.522810 
-8.500000 3.589155 
-8.000000 3.659559 
-7.500000 3.729563 
-7.000000 3.792573 
-6.500000 3.849125 
-6.000000 3.906129 
-5.500000 3.972078 
-5.000000 4.038617 
-4.500000 4.088474 
-4.000000 4.127070 
-3.500000 4.181073 
-3.000000 4.237733 
-2.500000 4.285887 
-2.000000 4.323949 
-1.500000 4.347859 
-1.000000 4.378614 
-0.500000 4.414362 
-0.000000 4.451731 
0.500000 4.484643 
1.000000 4.530030 
1.500000 4.594544 
2.000000 4.660183 
2.500000 4.726474 
3.000000 4.802296 
3.500000 4.871603 
4.000000 4.936763 
4.500000 4.997160 
5.000000 5.056705 
5.500000 5.110110 
6.000000 5.149423 
6.500000 5.183702 
7.000000 5.202875 
7.500000 5.213369 
8.000000 5.213387 
8.500000 5.203004 
9.000000 5.177738 
9.500000 5.144395 
10.000000 5.104202 
10.500000 5.068073 
11.000000 5.033821 
11.500000 4.990161 
12.000000 4.931956 
12.500000 4.877447 
13.000000 4.820205 
13.500000 4.755945 
14.000000 4.682209 
14.500000 4.613518 
15.000000 4.553257 
15.500000 4.508882 
16.000000 4.467411 
16.500000 4.408738 
17.000000 4.346226 
17.500000 4.295755 
18.000000 4.244332 
18.500000 4.193103 
19.000000 4.137359 
19.500000 4.079799 
20.000000 4.033811 
20.500000 3.998052 
21.000000 3.965365 
21.500000 3.928807 
22.000000 3.892148 
22.500000 3.852238 
23.000000 3.802992 
23.500000 3.763219 
24.000000 3.740249 
24.500000 3.717285 
25.000000 3.695362 
25.500000 3.665136 
26.000000 3.643748 
26.500000 3.612739 
27.000000 3.553453 
27.500000 3.479445 
28.000000 3.405658 
28.500000 3.338742 
29.000000 3.296449 
29.500000 3.259506 
30.000000 3.220851 
30.500000 3.181559 
31.000000 3.150438 
31.500000 3.123657 
32.000000 3.098781 
32.500000 3.067330 
33.000000 3.036215 
33.500000 2.990552 
34.000000 2.960016 
34.500000 2.938161 
35.000000 2.893559 
35.500000 2.857462 
36.000000 2.838359 
36.500000 2.839701 
37.000000 2.839346 
37.500000 2.814037 
38.000000 2.790407 
38.500000 2.775770 
39.000000 2.757264 
39.500000 2.749413 
40.000000 2.737791 
40.500000 2.705083 
41.000000 2.683680 
41.500000 2.655297 
42.000000 2.619532 
42.500000 2.592897 
43.000000 2.580663 
43.500000 2.576675 
44.000000 2.566833 
44.500000 2.549897 
45.000000 2.528088 
45.500000 2.502067 
46.000000 2.473073 
46.500000 2.430396 
47.000000 2.397987 
47.500000 2.382120 
48.000000 2.363670 
48.500000 2.335490 
49.000000 2.313296 
49.500000 2.299917 
50.000000 2.286076 
50.500000 2.264500 
51.000000 2.248952 
51.500000 2.244957 
52.000000 2.235583 
52.500000 2.229285 
53.000000 2.221886 
53.500000 2.211011 
54.000000 2.196145 
54.500000 2.181804 
55.000000 2.166854 
55.500000 2.146304 
56.000000 2.124883 
56.500000 2.105515 
57.000000 2.085869 
57.500000 2.074587 
58.000000 2.068246 
58.500000 2.061637 
59.000000 2.044044 
59.500000 2.023284 
60.000000 1.993568 
60.500000 1.952294 
61.000000 1.918138 
61.500000 1.886602 
62.000000 1.861924 
62.500000 1.855325 
63.000000 1.840340 
63.500000 1.821305 
64.000000 1.801026 
64.500000 1.769446 
65.000000 1.749899 
65.500000 1.739176 
66.000000 1.725617 
66.500000 1.709756 
67.000000 1.681858 
67.500000 1.649205 
68.000000 1.623693 
68.500000 1.599199 
69.000000 1.578282 
69.500000 1.557659 
70.000000 1.538793 
70.500000 1.519209 
71.000000 1.491964 
71.500000 1.460717 
72.000000 1.429410 
72.500000 1.404111 
73.000000 1.377705 
73.500000 1.352258 
74.000000 1.331862 
74.500000 1.305247 
75.000000 1.275267 
75.500000 1.253167 
76.000000 1.240929 
76.500000 1.222058 
77.000000 1.203861 
77.500000 1.191773 
78.000000 1.172868 
78.500000 1.156661 
79.000000 1.150230 
79.500000 1.143656 
80.000000 1.135148 
80.500000 1.129294 
81.000000 1.130035 
81.500000 1.136117 
82.000000 1.139306 
82.500000 1.140921 
83.000000 1.148254 
83.500000 1.150953 
84.000000 1.149673 
84.500000 1.145243 
85.000000 1.141029 
85.500000 1.137963 
86.000000 1.135842 
86.500000 1.134104 
87.000000 1.132513 
87.500000 1.131180 
88.000000 1.130371 
88.500000 1.129538 
89.000000 1.128526 
89.500000 1.127448 
90.000000 1.127051 
