386.000    5.000    0.000    6.129    6.701  311.790  183.969
386.000    5.000    0.000   12.259    6.701  321.445  182.604
386.000    5.000    0.000   24.517    6.701  336.337  181.078
386.000    5.000    0.000   30.646    6.701  342.870  180.580
386.000    5.000    0.000   36.776    6.701  348.794  180.162
386.000   10.000    0.000    6.129    3.977  310.470  186.490
386.000   10.000    0.000   12.259    3.977  320.318  184.971
386.000   10.000    0.000   24.517    3.977  335.481  183.259
386.000   10.000    0.000   30.646    3.977  342.136  182.692
386.000   10.000    0.000   36.776    3.977  348.176  182.210
386.000   20.000    0.000    6.129    2.058  306.117  194.755
386.000   20.000    0.000   12.259    2.058  316.659  192.649
386.000   20.000    0.000   24.517    2.058  332.772  190.214
386.000   20.000    0.000   30.646    2.058  339.856  189.367
386.000   20.000    0.000   36.776    2.058  346.296  188.628
386.000   50.000    0.000    6.129    0.798  293.673  217.819
386.000   50.000    0.000   12.259    0.798  306.194  214.083
386.000   50.000    0.000   24.517    0.798  325.159  209.567
386.000   50.000    0.000   30.646    0.798  333.522  207.886
386.000   50.000    0.000   36.776    0.798  341.135  206.373
386.000  100.000    0.000    6.129    0.399  283.131  238.006
386.000  100.000    0.000   12.259    0.399  297.454  232.668
386.000  100.000    0.000   24.517    0.399  318.960  226.127
386.000  100.000    0.000   30.646    0.399  328.413  223.647
386.000  100.000    0.000   36.776    0.399  336.997  221.404
