844.450    5.000    0.000    6.129    6.701  369.139  254.372
844.450    5.000    0.000   12.259    6.701  370.774  249.082
844.450    5.000    0.000   24.517    6.701  372.893  242.586
844.450    5.000    0.000   30.646    6.701  373.787  240.219
844.450    5.000    0.000   36.776    6.701  374.644  238.130
844.450   10.000    0.000    6.129    3.977  367.004  256.403
844.450   10.000    0.000   12.259    3.977  368.884  250.843
844.450   10.000    0.000   24.517    3.977  371.381  244.024
844.450   10.000    0.000   30.646    3.977  372.454  241.529
844.450   10.000    0.000   36.776    3.977  373.483  239.320
844.450   20.000    0.000    6.129    2.058  358.007  260.383
844.450   20.000    0.000   12.259    2.058  361.117  254.221
844.450   20.000    0.000   24.517    2.058  365.390  246.762
844.450   20.000    0.000   30.646    2.058  367.287  244.011
844.450   20.000    0.000   36.776    2.058  369.099  241.559
844.450   50.000    0.000    6.129    0.798  330.804  266.735
844.450   50.000    0.000   12.259    0.798  337.860  259.663
844.450   50.000    0.000   24.517    0.798  347.922  251.131
844.450   50.000    0.000   30.646    0.798  352.465  247.925
844.450   50.000    0.000   36.776    0.798  356.735  245.034
844.450  100.000    0.000    6.129    0.399  307.925  270.959
844.450  100.000    0.000   12.259    0.399  318.473  263.317
844.450  100.000    0.000   24.517    0.399  333.701  254.010
844.450  100.000    0.000   30.646    0.399  340.527  250.468
844.450  100.000    0.000   36.776    0.399  346.866  247.260
