-90.000000 0.048404 
-89.500000 0.048291 
-89.000000 0.048070 
-88.500000 0.048237 
-88.000000 0.049643 
-87.500000 0.052246 
-87.000000 0.055627 
-86.500000 0.059428 
-86.000000 0.064684 
-85.500000 0.074054 
-85.000000 0.084426 
-84.500000 0.093261 
-84.000000 0.100492 
-83.500000 0.106267 
-83.000000 0.111592 
-82.500000 0.117523 
-82.000000 0.121216 
-81.500000 0.125004 
-81.000000 0.128898 
-80.500000 0.131219 
-80.000000 0.133916 
-79.500000 0.135541 
-79.000000 0.136829 
-78.500000 0.137830 
-78.000000 0.140169 
-77.500000 0.145205 
-77.000000 0.151958 
-76.500000 0.159022 
-76.000000 0.168933 
-75.500000 0.182314 
-75.000000 0.194510 
-74.500000 0.205838 
-74.000000 0.217575 
-73.500000 0.233057 
-73.000000 0.248393 
-72.500000 0.260969 
-72.000000 0.275457 
-71.500000 0.291418 
-71.000000 0.310912 
-70.500000 0.330715 
-70.000000 0.349970 
-69.500000 0.369940 
-69.000000 0.391775 
-68.500000 0.414696 
-68.000000 0.438742 
-67.500000 0.466241 
-67.000000 0.495164 
-66.500000 0.525482 
-66.000000 0.554684 
-65.500000 0.580484 
-65.000000 0.603174 
-64.500000 0.624769 
-64.000000 0.646306 
-63.500000 0.668142 
-63.000000 0.688862 
-62.500000 0.708947 
-62.000000 0.728714 
-61.500000 0.748480 
-61.000000 0.768180 
-60.500000 0.788000 
-60.000000 0.807921 
-59.500000 0.828009 
-59.000000 0.848392 
-58.500000 0.869074 
-58.000000 0.890029 
-57.500000 0.911211 
-57.000000 0.932670 
-56.500000 0.954464 
-56.000000 0.976499 
-55.500000 0.998215 
-55.000000 1.018684 
-54.500000 1.039961 
-54.000000 1.063219 
-53.500000 1.085899 
-53.000000 1.108628 
-52.500000 1.131561 
-52.000000 1.154419 
-51.500000 1.177219 
-51.000000 1.199834 
-50.500000 1.222614 
-50.000000 1.246747 
-49.500000 1.271378 
-49.000000 1.296299 
-48.500000 1.321985 
-48.000000 1.348516 
-47.500000 1.374235 
-47.000000 1.400027 
-46.500000 1.427803 
-46.000000 1.452494 
-45.500000 1.477862 
-45.000000 1.503600 
-44.500000 1.531049 
-44.000000 1.559819 
-43.500000 1.588411 
-43.000000 1.616438 
-42.500000 1.642670 
-42.000000 1.668597 
-41.500000 1.698348 
-41.000000 1.729978 
-40.500000 1.761177 
-40.000000 1.790095 
-39.500000 1.817532 
-39.000000 1.844720 
-38.500000 1.871470 
-38.000000 1.896930 
-37.500000 1.920843 
-37.000000 1.946620 
-36.500000 1.975143 
-36.000000 2.003483 
-35.500000 2.032148 
-35.000000 2.061682 
-34.500000 2.087288 
-34.000000 2.109117 
-33.500000 2.128151 
-33.000000 2.149434 
-32.500000 2.171227 
-32.000000 2.193040 
-31.500000 2.213693 
-31.000000 2.238326 
-30.500000 2.266370 
-30.000000 2.294526 
-29.500000 2.319677 
-29.000000 2.344505 
-28.500000 2.370373 
-28.000000 2.397235 
-27.500000 2.425375 
-27.000000 2.451670 
-26.500000 2.477861 
-26.000000 2.509821 
-25.500000 2.545106 
-25.000000 2.577183 
-24.500000 2.611137 
-24.000000 2.643860 
-23.500000 2.677195 
-23.000000 2.710409 
-22.500000 2.744319 
-22.000000 2.780446 
-21.500000 2.822386 
-21.000000 2.861952 
-20.500000 2.901197 
-20.000000 2.942657 
-19.500000 2.988109 
-19.000000 3.036191 
-18.500000 3.084238 
-18.000000 3.133102 
-17.500000 3.188311 
-17.000000 3.247618 
-16.500000 3.305214 
-16.000000 3.358245 
-15.500000 3.404887 
-15.000000 3.449187 
-14.500000 3.501324 
-14.000000 3.557432 
-13.500000 3.622804 
-13.000000 3.690175 
-12.500000 3.752839 
-12.000000 3.809636 
-11.500000 3.861661 
-11.000000 3.914678 
-10.500000 3.966243 
-10.000000 4.018667 
-9.500000 4.068189 
-9.000000 4.119501 
-8.500000 4.168224 
-8.000000 4.218918 
-7.500000 4.266827 
-7.000000 4.306395 
-6.500000 4.338343 
-6.000000 4.370853 
-5.500000 4.412516 
-5.000000 4.454422 
-4.500000 4.480746 
-4.000000 4.494468 
-3.500000 4.522791 
-3.000000 4.554323 
-2.500000 4.577440 
-2.000000 4.591766 
-1.500000 4.594570 
-1.000000 4.606304 
-0.500000 4.626382 
-0.000000 4.650328 
0.500000 4.668874 
1.000000 4.697968 
1.500000 4.742096 
2.000000 4.783311 
2.500000 4.820125 
3.000000 4.861930 
3.500000 4.893092 
4.000000 4.915330 
4.500000 4.927707 
5.000000 4.934116 
5.500000 4.930583 
6.000000 4.910598 
6.500000 4.884254 
7.000000 4.842234 
7.500000 4.791140 
8.000000 4.731508 
8.500000 4.665603 
9.000000 4.588308 
9.500000 4.508205 
10.000000 4.426954 
10.500000 4.356815 
11.000000 4.291732 
11.500000 4.221076 
12.000000 4.139962 
12.500000 4.065394 
13.000000 3.992464 
13.500000 3.914540 
14.000000 3.831538 
14.500000 3.754848 
15.000000 3.687713 
15.500000 3.635816 
16.000000 3.587879 
16.500000 3.525899 
17.000000 3.464482 
17.500000 3.415317 
18.000000 3.365030 
18.500000 3.314706 
19.000000 3.260505 
19.500000 3.205218 
20.000000 3.160383 
20.500000 3.123652 
21.000000 3.089043 
21.500000 3.052117 
22.000000 3.015120 
22.500000 2.975145 
23.000000 2.928328 
23.500000 2.888535 
24.000000 2.860869 
24.500000 2.832353 
25.000000 2.803358 
25.500000 2.767681 
26.000000 2.740123 
26.500000 2.706214 
27.000000 2.653962 
27.500000 2.592073 
28.000000 2.529764 
28.500000 2.471351 
29.000000 2.429440 
29.500000 2.392342 
30.000000 2.356020 
30.500000 2.318788 
31.000000 2.286672 
31.500000 2.257698 
32.000000 2.229208 
32.500000 2.196514 
33.000000 2.163976 
33.500000 2.124058 
34.000000 2.094719 
34.500000 2.069600 
35.000000 2.029902 
35.500000 1.998566 
36.000000 1.977308 
36.500000 1.965904 
37.000000 1.952762 
37.500000 1.922649 
38.000000 1.893102 
38.500000 1.869664 
39.000000 1.844096 
39.500000 1.824483 
40.000000 1.804800 
40.500000 1.773138 
41.000000 1.750118 
41.500000 1.721642 
42.000000 1.687603 
42.500000 1.660061 
43.000000 1.644716 
43.500000 1.637358 
44.000000 1.621536 
44.500000 1.602090 
45.000000 1.580840 
45.500000 1.557115 
46.000000 1.532039 
46.500000 1.499329 
47.000000 1.473158 
47.500000 1.457233 
48.000000 1.440189 
48.500000 1.417671 
49.000000 1.398016 
49.500000 1.384106 
50.000000 1.370297 
50.500000 1.352370 
51.000000 1.338223 
51.500000 1.330039 
52.000000 1.319358 
52.500000 1.310499 
53.000000 1.300705 
53.500000 1.289816 
54.000000 1.277334 
54.500000 1.264890 
55.000000 1.252666 
55.500000 1.237689 
56.000000 1.222069 
56.500000 1.206393 
57.000000 1.190201 
57.500000 1.179285 
58.000000 1.171460 
58.500000 1.161443 
59.000000 1.144953 
59.500000 1.126708 
60.000000 1.102017 
60.500000 1.071154 
61.000000 1.045235 
61.500000 1.021177 
62.000000 1.001931 
62.500000 0.993195 
63.000000 0.980732 
63.500000 0.966469 
64.000000 0.950954 
64.500000 0.929623 
65.000000 0.915241 
65.500000 0.905996 
66.000000 0.895418 
66.500000 0.883505 
67.000000 0.865530 
67.500000 0.845976 
68.000000 0.830950 
68.500000 0.817292 
69.000000 0.806558 
69.500000 0.797375 
70.000000 0.789893 
70.500000 0.781831 
71.000000 0.769285 
71.500000 0.754014 
72.000000 0.738021 
72.500000 0.724670 
73.000000 0.710897 
73.500000 0.697605 
74.000000 0.686519 
74.500000 0.672086 
75.000000 0.655816 
75.500000 0.643589 
76.000000 0.635932 
76.500000 0.625469 
77.000000 0.615126 
77.500000 0.607339 
78.000000 0.596305 
78.500000 0.586370 
79.000000 0.580824 
79.500000 0.575878 
80.000000 0.570536 
80.500000 0.566431 
81.000000 0.565339 
81.500000 0.566663 
82.000000 0.566869 
82.500000 0.566278 
83.000000 0.568464 
83.500000 0.568993 
84.000000 0.567958 
84.500000 0.565524 
85.000000 0.563228 
85.500000 0.561403 
86.000000 0.559992 
86.500000 0.558861 
87.000000 0.557930 
87.500000 0.557166 
88.000000 0.556565 
88.500000 0.555943 
89.000000 0.555427 
89.500000 0.555102 
90.000000 0.555001 
