-90.000000 0.078037 
-89.500000 0.077734 
-89.000000 0.077023 
-88.500000 0.076925 
-88.000000 0.078935 
-87.500000 0.082908 
-87.000000 0.088133 
-86.500000 0.093887 
-86.000000 0.101817 
-85.500000 0.116548 
-85.000000 0.133349 
-84.500000 0.147673 
-84.000000 0.159339 
-83.500000 0.168415 
-83.000000 0.177026 
-82.500000 0.186796 
-82.000000 0.192654 
-81.500000 0.198500 
-81.000000 0.204472 
-80.500000 0.207646 
-80.000000 0.211361 
-79.500000 0.213045 
-79.000000 0.214181 
-78.500000 0.215012 
-78.000000 0.218059 
-77.500000 0.225845 
-77.000000 0.236668 
-76.500000 0.247485 
-76.000000 0.261961 
-75.500000 0.281464 
-75.000000 0.299044 
-74.500000 0.315109 
-74.000000 0.331206 
-73.500000 0.352015 
-73.000000 0.372387 
-72.500000 0.389095 
-72.000000 0.408820 
-71.500000 0.431151 
-71.000000 0.458895 
-70.500000 0.486845 
-70.000000 0.512819 
-69.500000 0.538675 
-69.000000 0.566572 
-68.500000 0.595997 
-68.000000 0.626955 
-67.500000 0.662996 
-67.000000 0.700188 
-66.500000 0.737949 
-66.000000 0.772750 
-65.500000 0.800206 
-65.000000 0.821656 
-64.500000 0.840632 
-64.000000 0.859005 
-63.500000 0.877663 
-63.000000 0.894994 
-62.500000 0.911656 
-62.000000 0.928165 
-61.500000 0.945036 
-61.000000 0.962200 
-60.500000 0.979856 
-60.000000 0.998059 
-59.500000 1.016858 
-59.000000 1.036287 
-58.500000 1.056417 
-58.000000 1.077230 
-57.500000 1.098622 
-57.000000 1.120608 
-56.500000 1.143241 
-56.000000 1.166473 
-55.500000 1.189815 
-55.000000 1.212150 
-54.500000 1.235696 
-54.000000 1.261800 
-53.500000 1.287545 
-53.000000 1.313645 
-52.500000 1.340284 
-52.000000 1.367183 
-51.500000 1.394148 
-51.000000 1.420912 
-50.500000 1.447900 
-50.000000 1.476492 
-49.500000 1.505725 
-49.000000 1.535426 
-48.500000 1.566274 
-48.000000 1.598367 
-47.500000 1.629527 
-47.000000 1.660794 
-46.500000 1.694376 
-46.000000 1.724268 
-45.500000 1.754758 
-45.000000 1.785489 
-44.500000 1.817905 
-44.000000 1.851462 
-43.500000 1.884540 
-43.000000 1.916978 
-42.500000 1.947182 
-42.000000 1.977090 
-41.500000 2.011460 
-41.000000 2.048210 
-40.500000 2.085103 
-40.000000 2.120176 
-39.500000 2.154187 
-39.000000 2.188623 
-38.500000 2.223426 
-38.000000 2.257638 
-37.500000 2.290384 
-37.000000 2.325232 
-36.500000 2.363613 
-36.000000 2.402407 
-35.500000 2.442369 
-35.000000 2.484215 
-34.500000 2.522001 
-34.000000 2.555545 
-33.500000 2.585521 
-33.000000 2.618369 
-32.500000 2.651620 
-32.000000 2.684635 
-31.500000 2.715720 
-31.000000 2.751526 
-30.500000 2.791681 
-30.000000 2.831362 
-29.500000 2.867180 
-29.000000 2.902296 
-28.500000 2.938686 
-28.000000 2.975764 
-27.500000 3.013640 
-27.000000 3.048518 
-26.500000 3.082547 
-26.000000 3.124313 
-25.500000 3.170349 
-25.000000 3.211410 
-24.500000 3.254236 
-24.000000 3.295612 
-23.500000 3.336990 
-23.000000 3.377236 
-22.500000 3.417839 
-22.000000 3.460470 
-21.500000 3.509383 
-21.000000 3.554685 
-20.500000 3.597571 
-20.000000 3.641220 
-19.500000 3.688675 
-19.000000 3.738662 
-18.500000 3.787519 
-18.000000 3.835919 
-17.500000 3.889258 
-17.000000 3.944481 
-16.500000 3.996179 
-16.000000 4.040129 
-15.500000 4.073568 
-15.000000 4.103431 
-14.500000 4.141128 
-14.000000 4.181319 
-13.500000 4.231744 
-13.000000 4.284122 
-12.500000 4.330535 
-12.000000 4.370035 
-11.500000 4.403489 
-11.000000 4.437052 
-10.500000 4.468878 
-10.000000 4.501439 
-9.500000 4.530490 
-9.000000 4.559010 
-8.500000 4.584520 
-8.000000 4.610963 
-7.500000 4.633899 
-7.000000 4.647622 
-6.500000 4.652980 
-6.000000 4.659028 
-5.500000 4.674343 
-5.000000 4.689852 
-4.500000 4.690865 
-4.000000 4.679498 
-3.500000 4.682406 
-3.000000 4.690831 
-2.500000 4.691991 
-2.000000 4.686808 
-1.500000 4.672620 
-1.000000 4.669606 
-0.500000 4.677527 
-0.000000 4.688913 
0.500000 4.691529 
1.000000 4.701283 
1.500000 4.721572 
2.000000 4.734947 
2.500000 4.739492 
3.000000 4.743682 
3.500000 4.733322 
4.000000 4.709014 
4.500000 4.669920 
5.000000 4.619503 
5.500000 4.555779 
6.000000 4.473228 
6.500000 4.382878 
7.000000 4.276214 
7.500000 4.159776 
8.000000 4.038596 
8.500000 3.918632 
9.000000 3.795714 
9.500000 3.677298 
10.000000 3.566810 
10.500000 3.476590 
11.000000 3.397027 
11.500000 3.317535 
12.000000 3.231679 
12.500000 3.154997 
13.000000 3.083848 
13.500000 3.009455 
14.000000 2.933470 
14.500000 2.864333 
15.000000 2.804647 
15.500000 2.758853 
16.000000 2.716343 
16.500000 2.660797 
17.000000 2.607260 
17.500000 2.564455 
18.000000 2.518963 
18.500000 2.472856 
19.000000 2.424561 
19.500000 2.375699 
20.000000 2.335554 
20.500000 2.300993 
21.000000 2.267271 
21.500000 2.232090 
22.000000 2.196634 
22.500000 2.158624 
23.000000 2.116102 
23.500000 2.079259 
24.000000 2.051140 
24.500000 2.022352 
25.000000 1.993286 
25.500000 1.960087 
26.000000 1.933220 
26.500000 1.902323 
27.000000 1.861858 
27.500000 1.816802 
28.000000 1.770751 
28.500000 1.726250 
29.000000 1.691328 
29.500000 1.659658 
30.000000 1.629616 
30.500000 1.598227 
31.000000 1.569231 
31.500000 1.542773 
32.000000 1.515547 
32.500000 1.485375 
33.000000 1.455045 
33.500000 1.421947 
34.000000 1.395009 
34.500000 1.369152 
35.000000 1.335635 
35.500000 1.310380 
36.000000 1.289758 
36.500000 1.271510 
37.000000 1.252368 
37.500000 1.223113 
38.000000 1.194334 
38.500000 1.169271 
39.000000 1.142954 
39.500000 1.119177 
40.000000 1.097076 
40.500000 1.069926 
41.000000 1.049058 
41.500000 1.025078 
42.000000 0.997706 
42.500000 0.974394 
43.000000 0.958893 
43.500000 0.950593 
44.000000 0.934245 
44.500000 0.916383 
45.000000 0.898507 
45.500000 0.879696 
46.000000 0.860431 
46.500000 0.838011 
47.000000 0.819063 
47.500000 0.804969 
48.000000 0.790209 
48.500000 0.773121 
49.000000 0.756844 
49.500000 0.743779 
50.000000 0.730992 
50.500000 0.716794 
51.000000 0.704647 
51.500000 0.694811 
52.000000 0.684638 
52.500000 0.675710 
53.000000 0.666283 
53.500000 0.657529 
54.000000 0.648881 
54.500000 0.640047 
55.000000 0.631864 
55.500000 0.622714 
56.000000 0.612985 
56.500000 0.602127 
57.000000 0.590577 
57.500000 0.581976 
58.000000 0.574950 
58.500000 0.564693 
59.000000 0.551435 
59.500000 0.537739 
60.000000 0.519555 
60.500000 0.498837 
61.000000 0.481751 
61.500000 0.466080 
62.000000 0.453996 
62.500000 0.447277 
63.000000 0.439534 
63.500000 0.431295 
64.000000 0.421957 
64.500000 0.410148 
65.000000 0.401768 
65.500000 0.395738 
66.000000 0.388780 
66.500000 0.381093 
67.000000 0.371281 
67.500000 0.361592 
68.000000 0.354102 
68.500000 0.347826 
69.000000 0.343473 
69.500000 0.340764 
70.000000 0.339383 
70.500000 0.337859 
71.000000 0.334140 
71.500000 0.328771 
72.000000 0.322563 
72.500000 0.317090 
73.000000 0.311645 
73.500000 0.306249 
74.000000 0.301388 
74.500000 0.295166 
75.000000 0.288242 
75.500000 0.282930 
76.000000 0.278977 
76.500000 0.274315 
77.000000 0.269233 
77.500000 0.264690 
78.000000 0.259029 
78.500000 0.253769 
79.000000 0.249818 
79.500000 0.246767 
80.000000 0.243978 
80.500000 0.241635 
81.000000 0.240169 
81.500000 0.239418 
82.000000 0.238440 
82.500000 0.236902 
83.000000 0.236357 
83.500000 0.235629 
84.000000 0.234680 
84.500000 0.233365 
85.000000 0.232271 
85.500000 0.231340 
86.000000 0.230494 
86.500000 0.229778 
87.000000 0.229217 
87.500000 0.228843 
88.000000 0.228660 
88.500000 0.228549 
89.000000 0.228610 
89.500000 0.228731 
90.000000 0.228775 
