844.450    5.000    0.000    6.129    6.701  367.193  260.022
844.450    5.000    0.000   12.259    6.701  369.283  253.530
844.450    5.000    0.000   24.517    6.701  371.727  246.023
844.450    5.000    0.000   30.646    6.701  372.744  243.295
844.450    5.000    0.000   36.776    6.701  373.717  240.875
844.450   10.000    0.000    6.129    3.977  364.575  261.021
844.450   10.000    0.000   12.259    3.977  366.992  254.439
844.450   10.000    0.000   24.517    3.977  369.897  246.797
844.450   10.000    0.000   30.646    3.977  371.127  244.008
844.450   10.000    0.000   36.776    3.977  372.306  241.527
844.450   20.000    0.000    6.129    2.058  355.693  263.175
844.450   20.000    0.000   12.259    2.058  359.341  256.371
844.450   20.000    0.000   24.517    2.058  364.021  248.398
844.450   20.000    0.000   30.646    2.058  366.074  245.460
844.450   20.000    0.000   36.776    2.058  368.033  242.833
844.450   50.000    0.000    6.129    0.798  329.723  267.988
844.450   50.000    0.000   12.259    0.798  337.017  260.657
844.450   50.000    0.000   24.517    0.798  347.261  251.872
844.450   50.000    0.000   30.646    0.798  351.876  248.564
844.450   50.000    0.000   36.776    0.798  356.219  245.579
844.450  100.000    0.000    6.129    0.399  307.358  271.694
844.450  100.000    0.000   12.259    0.399  318.015  263.920
844.450  100.000    0.000   24.517    0.399  333.350  254.449
844.450  100.000    0.000   30.646    0.399  340.219  250.838
844.450  100.000    0.000   36.776    0.399  346.599  247.567
